'Ji'	3	3	153	102	255		9966FF	19
'Ks'	5	5	179	255	153		b3ff99	11
'Tes'	15	15	235	222	156		ebde9c	8
'Tmov'	16	16	255	128	222		ff80de	5
'Tms'	17	17	255	179	76		ffb34c	3
'Toes'	18	18	179	179	153		b3b399	7
'Tmos'	19	19	235	204	127		ebcc7f	4
'Tpms'	23	23	255	204	102		ffcc66	2
'Tps'	24	24	255	204	0		ffcc00	1
'fsr'	25	25	153	222	204		99DECC	10
'Jfv'	26	26	199	102	204		C766CC	21
'Jsp'	27	27	153	179	255		99b3ff	20
'Jv'	28	28	204	153	222		cc99de	18
'Kfs'	31	31	179	255	153		b3ff99	12
'Kfv'	32	32	179	222	222		b3dede	13
'KJfc'	33	33	255	102	128		ff6680	16
'KJfs'	35	35	128	255	128		80ff80	15
'KJfv'	36	36	179	76	204		b34ccc	17
'KJs'	37	37	128	255	128		80ff80	14
'Tepas'	40	40	255	102	0		ff6600	9
'Tmoes'	41	41	222	179	128		deb380	6
'Placemark'	0	0	0	0	0	000000	22
'af'	1	1	0	0	0		000000	23
'Qha'	7	7	0	0	0		000000	24
'Qoa'	9	9	0	0	0		000000	25
'Qpa'	10	10	0	0	0		000000	26
'Qsl'	12	12	0	0	0		000000	27
'QTs'	14	14	0	0	0		000000	28
'Qhym'	38	38	0	0	0		000000	29
