375.973
423.460
344.251
398.359
375.001
429.195
481.273
343.509
291.768
351.346
256.204
147.955
114.759
269.884
283.987
287.642
152.258
141.761
281.289
132.945
230.190
351.346
387.059
341.885
106.513
158.093
192.339
192.210
141.594
194.000
414.568
300.067
432.356
158.512
309.260
429.534
395.845
167.036
126.622
275.285
59.604
59.655
120.301
194.449
202.970
187.860
123.307
118.266
194.449
232.107
137.895
101.661
112.262
151.177
194.269
187.710
211.520
321.296
146.081
159.857
214.508
216.966
155.073
156.876
107.853
125.612
128.868
161.414
165.128
110.472
165.240
111.061
172.556
106.355
239.568
161.286
160.797
210.810
206.076
428.609
386.498
201.159
234.487
191.211
128.392
150.149
106.294
99.790
111.048
125.500
153.057
247.258
252.585
165.765
170.077
181.898
185.901
103.936
441.701
175.999
236.839
103.875
110.720
147.571
114.661
109.993
157.124
149.079
144.874
109.032
295.916
116.418
238.238
132.835
98.228
190.824
90.043
194.333
110.071
109.032
149.079
203.719
96.678
188.726
158.813
202.862
132.912
155.666
143.376
162.584
132.617
113.824
144.887
171.323
141.319
171.917
361.795
163.900
122.040
152.719
117.523
172.445
142.107
257.249
116.573
135.049
185.293
97.290
183.951
136.316
176.412
268.452
124.737
179.478
188.480
196.313
203.980
174.513
116.363
137.477
103.873
145.495
171.592
121.868
268.452
121.792
155.489
361.795
223.330
167.013
190.869
305.462
149.336
178.320
167.493
127.692
216.077
237.802
147.676
162.183
136.492
309.608
186.694
118.842
162.498
152.279
212.984
250.798
402.263
168.424
187.910
372.286
146.763
169.771
163.322
151.245
154.741
260.577
179.478
117.239
230.479
329.754
106.719
246.876
118.919
238.233
339.292
275.285
181.066
336.603
128.438
185.295
146.716
145.027
214.089
168.085
218.967
165.231
284.338
184.415
