389.793
508.436
334.196
420.417
352.086
434.759
537.867
362.126
383.632
385.840
249.806
234.174
167.141
319.947
326.402
299.379
292.998
252.844
324.164
243.510
288.462
413.641
311.197
390.468
87.205
254.735
191.574
213.987
142.269
224.862
489.368
274.536
451.584
188.290
463.661
449.863
483.484
155.064
102.604
281.312
73.053
68.278
85.754
151.536
276.192
155.170
76.211
77.405
185.551
172.019
123.461
62.181
44.233
151.020
194.269
158.409
170.611
384.815
95.576
182.192
212.068
211.660
165.028
182.168
70.859
51.431
84.054
165.788
198.006
162.989
193.617
137.895
189.397
164.658
237.419
169.459
185.351
248.631
241.442
467.755
410.354
280.426
252.465
118.772
229.326
184.408
117.970
144.474
142.563
224.249
176.998
286.504
257.015
328.850
186.531
129.494
112.480
100.947
397.015
128.538
365.036
76.604
78.788
172.139
60.007
69.179
237.122
149.079
180.091
109.032
196.867
95.647
253.088
174.831
-33.304
330.708
20.890
413.312
15.259
61.370
179.151
229.146
113.937
162.724
171.434
144.395
224.511
167.628
143.376
159.405
216.859
69.340
163.196
152.259
159.114
136.409
302.498
163.900
241.124
176.917
181.811
187.147
153.734
262.357
62.986
185.962
160.074
159.911
165.411
68.313
137.262
377.428
90.650
144.567
160.596
196.313
176.674
148.775
111.450
169.628
234.944
155.297
174.728
144.729
395.512
169.759
179.634
325.067
263.461
201.639
167.958
401.615
149.336
19.296
214.932
241.019
223.734
244.550
40.557
0.255
326.816
345.471
157.862
192.240
205.187
183.080
222.228
275.373
355.198
162.795
214.769
405.718
328.936
111.653
322.843
195.655
194.724
286.564
113.912
181.183
201.799
363.536
144.831
223.001
110.255
219.323
420.716
284.972
274.098
428.651
151.116
240.617
146.716
145.027
317.452
253.396
285.233
165.231
326.204
170.419
