-13.820
-84.976
10.055
-22.058
22.915
-5.564
-56.594
-18.617
-91.864
-34.493
6.398
-86.219
-52.382
-50.063
-42.415
-11.737
-140.741
-111.083
-42.874
-110.565
-58.272
-62.295
75.862
-48.584
19.308
-96.641
0.764
-21.777
-0.675
-30.861
-74.800
25.530
-19.228
-29.778
-154.402
-20.329
-87.639
11.971
24.017
-6.027
-13.449
-8.623
34.547
42.913
-73.222
32.690
47.096
40.860
8.897
60.087
14.434
39.480
68.029
0.157
0.000
29.300
40.908
-63.519
50.504
-22.335
2.440
5.305
-9.955
-25.292
36.994
74.181
44.814
-4.374
-32.878
-52.517
-28.377
-26.834
-16.841
-58.304
2.150
-8.173
-24.555
-37.820
-35.366
-39.146
-23.856
-79.267
-17.978
72.439
-100.934
-34.259
-11.676
-44.684
-31.515
-98.749
-23.940
-39.246
-4.429
-163.085
-16.453
52.404
73.421
2.989
44.686
47.461
-128.198
27.271
31.932
-24.568
54.653
40.814
-79.998
0.000
-35.217
0.000
99.049
20.771
-14.850
-41.996
131.532
-139.884
69.154
-218.979
94.812
47.662
-30.072
-25.428
-17.258
26.002
-12.621
58.467
-91.599
-11.962
0.000
3.179
-84.242
44.484
-18.309
19.064
-17.796
35.509
59.298
0.000
-119.084
-24.198
-64.288
-14.702
-11.628
-5.108
53.587
-50.912
25.219
-62.621
18.540
68.003
39.150
-108.977
34.087
34.911
27.884
0.000
27.307
25.739
4.913
-32.151
-131.071
-9.802
-3.135
-22.860
-127.060
-47.967
-24.146
36.728
-40.131
-34.626
22.912
-96.153
0.000
159.024
-47.439
-113.327
-7.658
-6.748
107.120
161.927
-190.324
-35.863
28.832
-73.398
-42.689
-30.801
-9.244
-24.575
47.065
5.629
-26.859
-33.432
-182.173
58.118
-159.521
-44.410
-39.983
-25.987
65.566
-63.944
28.680
-33.783
-38.112
23.875
8.664
18.910
-81.425
-9.688
-93.033
-92.047
-22.678
-55.322
0.000
0.000
-103.363
-85.311
-66.266
0.000
-41.866
13.996
