597362.58
605342.58
596052.58
605662.58
597482.58
605202.58
604492.58
596532.58
579442.58
577802.58
588852.58
565742.58
621572.58
593092.58
593852.58
578792.58
622602.58
567672.58
579172.58
566542.58
591162.58
577802.58
576152.58
595632.58
595832.58
567952.58
599992.58
600002.58
583642.58
599912.58
582172.58
588332.58
582882.58
615632.58
579762.58
580642.58
581462.58
595092.58
622122.58
593402.58
625882.58
626092.58
602482.58
612972.58
590992.58
600202.58
602282.58
604112.58
612962.58
607742.58
596002.58
599902.58
601142.58
617692.58
612982.58
602662.58
611402.58
578362.58
604382.58
614082.58
580212.58
588642.58
616592.58
617452.58
599682.58
602792.58
604882.58
614162.58
614772.58
609632.58
615782.58
624262.58
612562.58
609492.58
607812.58
614272.58
616102.58
611342.58
590552.58
584012.58
576662.58
588422.58
592092.58
589162.58
621642.58
615492.58
624512.58
622922.58
617712.58
625272.58
616072.58
607332.58
609102.58
619662.58
617022.58
609752.58
609452.58
567562.58
577082.58
574122.58
586672.58
567562.58
571792.58
604222.58
595152.58
600362.58
564702.58
616652.58
617972.58
567762.58
578672.58
591012.58
580562.58
617282.58
574102.58
583942.58
573142.58
569152.58
568002.58
567762.58
616652.58
571002.58
622662.58
613442.58
616912.58
590662.58
616532.58
619842.58
581722.58
613632.58
616452.58
596442.58
617212.58
615322.58
615912.58
613592.58
577052.58
614002.58
618512.58
615342.58
625652.58
574142.58
619212.58
592562.58
593292.58
616572.58
612842.58
626332.58
612632.58
605342.58
614992.58
612752.58
579592.58
610272.58
613742.58
612062.58
610392.58
613952.58
621532.58
607172.58
623502.58
616822.58
616842.58
621022.58
612752.58
621422.58
617282.58
577072.58
609912.58
620082.58
613232.58
608022.58
582032.58
613332.58
613302.58
624702.58
610542.58
608912.58
607412.58
612572.58
617542.58
607102.58
602682.58
617372.58
613782.58
619522.58
590882.58
592652.58
575912.58
614132.58
613962.58
606002.58
615072.58
577772.58
614452.58
615732.58
607212.58
608332.58
610262.58
625532.58
609892.58
606712.58
622072.58
607142.58
615882.58
609002.58
607082.58
593422.58
580752.58
612172.58
597892.58
568452.58
582622.58
581782.58
585812.58
581532.58
587872.58
581832.58
579332.58
603922.58
