4108801.23
4105701.23
4109441.23
4105811.23
4108741.23
4105951.23
4106061.23
4109091.23
4125181.23
4126311.23
4115011.23
4139861.23
4090111.23
4111141.23
4110721.23
4125981.23
4091421.23
4137661.23
4125631.23
4138731.23
4112811.23
4126331.23
4127961.23
4110491.23
4120911.23
4137121.23
4115681.23
4115681.23
4128581.23
4115701.23
4121751.23
4115601.23
4121151.23
4099541.23
4124801.23
4123181.23
4122291.23
4119561.23
4089001.23
4110611.23
4086301.23
4085991.23
4117241.23
4111981.23
4116121.23
4115911.23
4117241.23
4116861.23
4111961.23
4112201.23
4119161.23
4118471.23
4117971.23
4107891.23
4111961.23
4113421.23
4113141.23
4126131.23
4115051.23
4104921.23
4128631.23
4120371.23
4107821.23
4107981.23
4118551.23
4117041.23
4116181.23
4109071.23
4108851.23
4117741.23
4108341.23
4095361.23
4110301.23
4117371.23
4112391.23
4109051.23
4108141.23
4105981.23
4113711.23
4120621.23
4127941.23
4116991.23
4112611.23
4117741.23
4095721.23
4102901.23
4095131.23
4095821.23
4098681.23
4094341.23
4102791.23
4110241.23
4108761.23
4094981.23
4105491.23
4113891.23
4113881.23
4139761.23
4130721.23
4134711.23
4121291.23
4139901.23
4137901.23
4114771.23
4121271.23
4118181.23
4141291.23
4099581.23
4099711.23
4139341.23
4126121.23
4119791.23
4125131.23
4099441.23
4136981.23
4123051.23
4137901.23
4135641.23
4139201.23
4139351.23
4099571.23
4134471.23
4088521.23
4107781.23
4108831.23
4117721.23
4102641.23
4095351.23
4130511.23
4109271.23
4098761.23
4118891.23
4108241.23
4105751.23
4099341.23
4107221.23
4127471.23
4106171.23
4101371.23
4104461.23
4093751.23
4133841.23
4095601.23
4112161.23
4121111.23
4103101.23
4107971.23
4093381.23
4110871.23
4115541.23
4105651.23
4100621.23
4132221.23
4113431.23
4111101.23
4112271.23
4107991.23
4106891.23
4089821.23
4117681.23
4095461.23
4108671.23
4109471.23
4096241.23
4100631.23
4095901.23
4105131.23
4127471.23
4105211.23
4095251.23
4107881.23
4104701.23
4130171.23
4111371.23
4103521.23
4094681.23
4105311.23
4108291.23
4114671.23
4109521.23
4096021.23
4105181.23
4112971.23
4102371.23
4103421.23
4102341.23
4114171.23
4111471.23
4128251.23
4106091.23
4100531.23
4105641.23
4099211.23
4132771.23
4099611.23
4103961.23
4118641.23
4104961.23
4113431.23
4093941.23
4108901.23
4105341.23
4096041.23
4110141.23
4111771.23
4105021.23
4104871.23
4110611.23
4128241.23
4100441.23
4118201.23
4136641.23
4128781.23
4129011.23
4122401.23
4127111.23
4121101.23
4127011.23
4125771.23
4113151.23
