597362.58   4108801.23   375.97
605342.58   4105701.23   423.46
596052.58   4109441.23   344.25
605662.58   4105811.23   398.36
597482.58   4108741.23   375.00
605202.58   4105951.23   429.19
604492.58   4106061.23   481.27
596532.58   4109091.23   343.51
579442.58   4125181.23   291.77
577802.58   4126311.23   351.35
588852.58   4115011.23   256.20
565742.58   4139861.23   147.95
621572.58   4090111.23   114.76
593092.58   4111141.23   269.88
593852.58   4110721.23   283.99
578792.58   4125981.23   287.64
622602.58   4091421.23   152.26
567672.58   4137661.23   141.76
579172.58   4125631.23   281.29
566542.58   4138731.23   132.94
591162.58   4112811.23   230.19
577802.58   4126331.23   351.35
576152.58   4127961.23   387.06
595632.58   4110491.23   341.88
595832.58   4120911.23   106.51
567952.58   4137121.23   158.09
599992.58   4115681.23   192.34
600002.58   4115681.23   192.21
583642.58   4128581.23   141.59
599912.58   4115701.23   194.00
582172.58   4121751.23   414.57
588332.58   4115601.23   300.07
582882.58   4121151.23   432.36
615632.58   4099541.23   158.51
579762.58   4124801.23   309.26
580642.58   4123181.23   429.53
581462.58   4122291.23   395.85
595092.58   4119561.23   167.04
622122.58   4089001.23   126.62
593402.58   4110611.23   275.28
625882.58   4086301.23   59.60
626092.58   4085991.23   59.65
602482.58   4117241.23   120.30
612972.58   4111981.23   194.45
590992.58   4116121.23   202.97
600202.58   4115911.23   187.86
602282.58   4117241.23   123.31
604112.58   4116861.23   118.27
612962.58   4111961.23   194.45
607742.58   4112201.23   232.11
596002.58   4119161.23   137.89
599902.58   4118471.23   101.66
601142.58   4117971.23   112.26
617692.58   4107891.23   151.18
612982.58   4111961.23   194.27
602662.58   4113421.23   187.71
611402.58   4113141.23   211.52
578362.58   4126131.23   321.30
604382.58   4115051.23   146.08
614082.58   4104921.23   159.86
580212.58   4128631.23   214.51
588642.58   4120371.23   216.97
616592.58   4107821.23   155.07
617452.58   4107981.23   156.88
599682.58   4118551.23   107.85
602792.58   4117041.23   125.61
604882.58   4116181.23   128.87
614162.58   4109071.23   161.41
614772.58   4108851.23   165.13
609632.58   4117741.23   110.47
615782.58   4108341.23   165.24
624262.58   4095361.23   111.06
612562.58   4110301.23   172.56
609492.58   4117371.23   106.35
607812.58   4112391.23   239.57
614272.58   4109051.23   161.29
616102.58   4108141.23   160.80
611342.58   4105981.23   210.81
590552.58   4113711.23   206.08
584012.58   4120621.23   428.61
576662.58   4127941.23   386.50
588422.58   4116991.23   201.16
592092.58   4112611.23   234.49
589162.58   4117741.23   191.21
621642.58   4095721.23   128.39
615492.58   4102901.23   150.15
624512.58   4095131.23   106.29
622922.58   4095821.23   99.79
617712.58   4098681.23   111.05
625272.58   4094341.23   125.50
616072.58   4102791.23   153.06
607332.58   4110241.23   247.26
609102.58   4108761.23   252.59
619662.58   4094981.23   165.76
617022.58   4105491.23   170.08
609752.58   4113891.23   181.90
609452.58   4113881.23   185.90
567562.58   4139761.23   103.94
577082.58   4130721.23   441.70
574122.58   4134711.23   176.00
586672.58   4121291.23   236.84
567562.58   4139901.23   103.88
571792.58   4137901.23   110.72
604222.58   4114771.23   147.57
595152.58   4121271.23   114.66
600362.58   4118181.23   109.99
564702.58   4141291.23   157.12
616652.58   4099581.23   149.08
617972.58   4099711.23   144.87
567762.58   4139341.23   109.03
578672.58   4126121.23   295.92
591012.58   4119791.23   116.42
580562.58   4125131.23   238.24
617282.58   4099441.23   132.83
574102.58   4136981.23   98.23
583942.58   4123051.23   190.82
573142.58   4137901.23   90.04
569152.58   4135641.23   194.33
568002.58   4139201.23   110.07
567762.58   4139351.23   109.03
616652.58   4099571.23   149.08
571002.58   4134471.23   203.72
622662.58   4088521.23   96.68
613442.58   4107781.23   188.73
616912.58   4108831.23   158.81
590662.58   4117721.23   202.86
616532.58   4102641.23   132.91
619842.58   4095351.23   155.67
581722.58   4130511.23   143.38
613632.58   4109271.23   162.58
616452.58   4098761.23   132.62
596442.58   4118891.23   113.82
617212.58   4108241.23   144.89
615322.58   4105751.23   171.32
615912.58   4099341.23   141.32
613592.58   4107221.23   171.92
577052.58   4127471.23   361.80
614002.58   4106171.23   163.90
618512.58   4101371.23   122.04
615342.58   4104461.23   152.72
625652.58   4093751.23   117.52
574142.58   4133841.23   172.45
619212.58   4095601.23   142.11
592562.58   4112161.23   257.25
593292.58   4121111.23   116.57
616572.58   4103101.23   135.05
612842.58   4107971.23   185.29
626332.58   4093381.23   97.29
612632.58   4110871.23   183.95
605342.58   4115541.23   136.32
614992.58   4105651.23   176.41
612752.58   4100621.23   268.45
579592.58   4132221.23   124.74
610272.58   4113431.23   179.48
613742.58   4111101.23   188.48
612062.58   4112271.23   196.31
610392.58   4107991.23   203.98
613952.58   4106891.23   174.51
621532.58   4089821.23   116.36
607172.58   4117681.23   137.48
623502.58   4095461.23   103.87
616822.58   4108671.23   145.49
616842.58   4109471.23   171.59
621022.58   4096241.23   121.87
612752.58   4100631.23   268.45
621422.58   4095901.23   121.79
617282.58   4105131.23   155.49
577072.58   4127471.23   361.80
609912.58   4105211.23   223.33
620082.58   4095251.23   167.01
613232.58   4107881.23   190.87
608022.58   4104701.23   305.46
582032.58   4130171.23   149.34
613332.58   4111371.23   178.32
613302.58   4103521.23   167.49
624702.58   4094681.23   127.69
610542.58   4105311.23   216.08
608912.58   4108291.23   237.80
607412.58   4114671.23   147.68
612572.58   4109521.23   162.18
617542.58   4096021.23   136.49
607102.58   4105181.23   309.61
602682.58   4112971.23   186.69
617372.58   4102371.23   118.84
613782.58   4103421.23   162.50
619522.58   4102341.23   152.28
590882.58   4114171.23   212.98
592652.58   4111471.23   250.80
575912.58   4128251.23   402.26
614132.58   4106091.23   168.42
613962.58   4100531.23   187.91
606002.58   4105641.23   372.29
615072.58   4099211.23   146.76
577772.58   4132771.23   169.77
614452.58   4099611.23   163.32
615732.58   4103961.23   151.25
607212.58   4118641.23   154.74
608332.58   4104961.23   260.58
610262.58   4113431.23   179.48
625532.58   4093941.23   117.24
609892.58   4108901.23   230.48
606712.58   4105341.23   329.75
622072.58   4096041.23   106.72
607142.58   4110141.23   246.88
615882.58   4111771.23   118.92
609002.58   4105021.23   238.23
607082.58   4104871.23   339.29
593422.58   4110611.23   275.28
580752.58   4128241.23   181.07
612172.58   4100441.23   336.60
597892.58   4118201.23   128.44
568452.58   4136641.23   185.29
582622.58   4128781.23   146.72
581782.58   4129011.23   145.03
585812.58   4122401.23   214.09
581532.58   4127111.23   168.09
587872.58   4121101.23   218.97
581832.58   4127011.23   165.23
579332.58   4125771.23   284.34
603922.58   4113151.23   184.41
